event_id	subject	start_time	end_time	organizer_id	participants
b9a84c3658f342028d36b1b7806c990d	关于流量的只要相关处理发布一次讨论会	1761332756580	1761336056580	10057	10059,10016,10013,10014,10049,10039,10061,10045,10038,10029
9172959dcd8c4f57ae7359327416111c	关于滤镜的世界只是这些没有单位东西美国讨论会	1763168828425	1763172068425	10008	10017,10016,10042,10054,10003,10051,10050,10009,10053,10014
5315b9fce9764714ac2478792bdd417a	关于粉丝的你们一般安全产品讨论会	1768314680286	1768318280286	10005	10012,10051,10006,10028,10007,10025,10001,10043,10050,10015
cf1df7808da84a1d8536f237a5ca53b4	关于短视频的市场电影点击这是讨论会	1761927053435	1761930353435	10033	10014,10042,10041,10036,10061,10040,10054,10038,10031,10028
3c0616a5b5554e5fa0d2f4121ab15784	关于推广的生产研究那些讨论会	1762058674254	1762062094254	10041	10001,10005,10049,10055,10046,10015,10047,10061,10045,10021
7a1ef3dff2994d2290976234b6fe7be6	关于带货的文章其中电子规定有限讨论会	1758919935184	1758922995184	10061	10033,10036,10021,10003,10029,10051,10027,10042,10019,10005
da783b9e249d42d0af5eb38fc10650c9	关于拍摄的只是如果文件已经所有讨论会	1767880300345	1767884380345	10023	10058,10011,10015,10059,10024,10033,10035,10010,10019,10018
9f6227c1e5f04105b58a9df142005120	关于直播的现在他们起来也是讨论会	1754341160988	1754343980988	10025	10009,10043,10024,10037,10045,10050,10023,10029,10035,10020
9fd6e088bffd41b2aa50687f5e65cf49	关于推荐的最后国内公司如此那个数据成为讨论会	1754687433839	1754691813839	10052	10003,10017,10019,10047,10012,10038,10043,10060,10006,10004
649b70a3b2df4b98a8523ae8a7ae3c0b	关于网红的价格影响手机说明问题公司地址那么讨论会	1762344814941	1762348174941	10041	10027,10049,10039,10001,10037,10035,10053,10051,10010,10005
59e1fa5ecd2944b799c52f3f5ae1187d	关于流量的处理而且游戏以上资源特别之间讨论会	1769030351741	1769033891741	10017	10061,10030,10031,10014,10044,10002,10035,10042,10054,10036
499a43d90ee14d72872905f95283b0ba	关于流量的当然原因国际以后讨论会	1766506726160	1766510626160	10006	10019,10037,10053,10055,10033,10041,10051,10047,10060,10009
a7336548c9654af49ba759f2d3a0760f	关于互动的资源现在一般联系一直希望只要讨论会	1768930004954	1768934024954	10042	10036,10038,10002,10022,10027,10006,10010,10049,10058,10051
5827c3dd64da41e1a1a86a0726ddc335	关于拍摄的关系日本这么需要服务是否朋友讨论会	1755490172156	1755493592156	10018	10028,10036,10035,10005,10058,10054,10011,10049,10002,10012
e65aa202a4134c998b76382c6e7bd6d0	关于直播的推荐论坛不会增加一起政府重要各种讨论会	1755366992246	1755370352246	10012	10048,10032,10001,10039,10013,10028,10011,10014,10017,10053
e346d567193b4b6daa9bf72492eedd22	关于滤镜的简介留言的话操作问题这里讨论会	1754882543212	1754886623212	10013	10025,10061,10045,10052,10004,10035,10032,10039,10011,10044
05f07aaf45c34ff8b994024dd3e77bb3	关于剪辑的因为那么文章可以方式项目时间讨论会	1766270043535	1766273103535	10052	10013,10048,10044,10046,10036,10001,10030,10018,10008,10032
829dbe64274547e3b04b515d93a10787	关于带货的作为参加最后看到人员东西销售讨论会	1762887978164	1762891218164	10003	10027,10059,10029,10046,10004,10040,10010,10013,10001,10009
c45a623184a040bc8a46b61f1d9ec197	关于创作的责任可以点击没有什么应该一种讨论会	1767081439656	1767085519656	10023	10051,10053,10011,10012,10035,10031,10060,10013,10042,10010
e9468b18d5364ae096b4af12b02e01c1	关于特效的根据责任这是只是讨论会	1766427893126	1766431553126	10004	10061,10058,10050,10053,10031,10013,10021,10054,10003,10002
e83307e98a3f4dfab91e7d28eb6d26f8	关于审批的出现阅读这样名称为了国家我们论坛沟通会	1769136195519	1769139855519	10105	10066,10074,10076,10070,10104,10097,10071,10109,10093,10092
69dd93134cdf4c01b62bd5764f692c6f	关于绩效的解决工具以及关系城市就是沟通会	1761285274018	1761288394018	10095	10105,10090,10082,10088,10117,10107,10069,10099,10097,10109
2548bd31a7b840ba8e1ddba0aa9d4959	关于集成的报告最大数据那个参加帮助沟通会	1757014000108	1757017060108	10071	10113,10107,10083,10089,10099,10103,10110,10112,10069,10078
5044f5060fa8442fa5f358dba4895e79	关于客户的实现如此进入一起国家数据沟通会	1767036559318	1767039799318	10117	10095,10093,10114,10089,10090,10070,10111,10078,10113,10118
6192dc3d1b304da1a5e1e5e5676ff92d	关于安全的学生公司免费使用沟通会	1761160104791	1761164484791	10088	10115,10068,10118,10091,10064,10102,10082,10110,10092,10086
5fbca2dd411f467081a803180c7b383e	关于组织架构的其中手机加入一起参加希望包括电影沟通会	1754302474277	1754305234277	10081	10064,10112,10086,10078,10085,10094,10117,10095,10089,10091
f8b61751177044b4a07f47fd9e4ed146	关于会议的记者地区谢谢可是得到如何是一沟通会	1768317598676	1768320898676	10109	10097,10064,10071,10079,10085,10111,10108,10088,10106,10067
7014c5de98ff4c328a31b9ebe330c965	关于部署的地址中文这么地区地址软件网上沟通会	1758673985107	1758678065107	10112	10095,10097,10087,10076,10065,10115,10117,10114,10100,10064
7e3eaed3e4a044e99fc134a2e3f8977e	关于私有化的服务标题论坛之间质量中国这个沟通会	1761402584615	1761406304615	10081	10066,10087,10109,10065,10083,10107,10067,10115,10078,10114
a4b18da204634c8c834b2d9d9a4b6259	关于办公的简介规定威望沟通会	1758253485151	1758257445151	10117	10093,10080,10087,10111,10072,10070,10104,10107,10063,10106
ea0721742a8c4e35befa28d290c3c08f	关于SaaS的音乐运行国内当前程序不断这是沟通会	1767056356717	1767060076717	10112	10092,10088,10111,10097,10107,10063,10094,10081,10090,10095
8b3f7e6dfbef41fab2695aa695f01201	关于审批的关系一种表示这些论坛沟通会	1769065569791	1769068569791	10109	10079,10096,10084,10085,10113,10076,10110,10095,10117,10094
8749a32ba0ae4587a3477ebe237ea835	关于协同的文化我们信息实现数据最后由于沟通会	1768185333562	1768188513562	10088	10084,10086,10095,10067,10076,10080,10083,10068,10063,10085
82265f143a994f29b19afe4194fe0cd4	关于办公的类别客户感觉留言沟通会	1767107160539	1767111600539	10087	10073,10074,10106,10110,10098,10109,10115,10072,10080,10076
129e6fe3481c4e4092daa6f7b100869c	关于组织架构的信息准备都是东西方面一直沟通会	1762506011402	1762508771402	10073	10107,10116,10068,10079,10100,10071,10102,10114,10081,10112
ea73eb54307b4697bf7ecd84d1440e50	关于审批的注意这是如何作品发展女人看到注意沟通会	1763253679766	1763256619766	10094	10110,10093,10097,10074,10072,10083,10090,10070,10116,10084
a47446cbab594ac0b30dd999b9426af2	关于服务的一样会员广告生活主要以及联系沟通会	1761590913507	1761594933507	10066	10071,10100,10114,10106,10098,10074,10107,10069,10079,10082
63537794861a4ed48ae2b3e12fd9ceeb	关于文档的论坛成功技术的人沟通会	1765986221124	1765989161124	10101	10065,10078,10074,10071,10112,10117,10066,10079,10076,10105
1efc89b8426940c7bcee0e2cd21d2466	关于云盘的任何公司准备的是沟通会	1759673796432	1759676496432	10101	10117,10093,10092,10113,10080,10071,10095,10073,10078,10082
dffddf6586e840688c6a4d9da7c9bd47	关于会议的以下价格一般提供品牌不会不断质量沟通会	1754022108346	1754025948346	10110	10077,10087,10092,10063,10096,10117,10069,10081,10107,10066
