org_id	dept_id	user_id	created_at
1	100	10002	1623686400
1	100	10003	1623686400
1	100	10004	1623686400
1	100	10005	1623686400
1	100	10006	1623686400
1	100	10007	1623686400
1	100	10008	1623686400
1	100	10009	1623686400
1	100	10010	1623686400
1	100	10011	1623686400
1	101	10012	1623686400
1	101	10013	1623686400
1	101	10014	1623686400
1	101	10015	1623686400
1	101	10016	1623686400
1	101	10017	1623686400
1	101	10018	1623686400
1	101	10019	1623686400
1	101	10020	1623686400
1	101	10021	1623686400
1	102	10022	1623686400
1	102	10023	1623686400
1	102	10024	1623686400
1	102	10025	1623686400
1	102	10026	1623686400
1	102	10027	1623686400
1	102	10028	1623686400
1	102	10029	1623686400
1	102	10030	1623686400
1	102	10031	1623686400
1	103	10032	1623686400
1	103	10033	1623686400
1	103	10034	1623686400
1	103	10035	1623686400
1	103	10036	1623686400
1	103	10037	1623686400
1	103	10038	1623686400
1	103	10039	1623686400
1	103	10040	1623686400
1	103	10041	1623686400
1	104	10042	1623686400
1	104	10043	1623686400
1	104	10044	1623686400
1	104	10045	1623686400
1	104	10046	1623686400
1	104	10047	1623686400
1	104	10048	1623686400
1	104	10049	1623686400
1	104	10050	1623686400
1	104	10051	1623686400
1	105	10052	1623686400
1	105	10053	1623686400
1	105	10054	1623686400
1	105	10055	1623686400
1	105	10056	1623686400
1	105	10057	1623686400
1	105	10058	1623686400
1	105	10059	1623686400
1	105	10060	1623686400
1	105	10061	1623686400
2	106	10063	1655222400
2	106	10064	1655222400
2	106	10065	1655222400
2	106	10066	1655222400
2	106	10067	1655222400
2	106	10068	1655222400
2	106	10069	1655222400
2	106	10070	1655222400
2	106	10071	1655222400
2	106	10072	1655222400
2	107	10073	1655222400
2	107	10074	1655222400
2	107	10075	1655222400
2	107	10076	1655222400
2	107	10077	1655222400
2	107	10078	1655222400
2	107	10079	1655222400
2	107	10080	1655222400
2	107	10081	1655222400
2	107	10082	1655222400
2	108	10083	1655222400
2	108	10084	1655222400
2	108	10085	1655222400
2	108	10086	1655222400
2	108	10087	1655222400
2	108	10088	1655222400
2	108	10089	1655222400
2	108	10090	1655222400
2	108	10091	1655222400
2	108	10092	1655222400
2	109	10093	1655222400
2	109	10094	1655222400
2	109	10095	1655222400
2	109	10096	1655222400
2	109	10097	1655222400
2	109	10098	1655222400
2	109	10099	1655222400
2	109	10100	1655222400
2	109	10101	1655222400
2	109	10102	1655222400
2	110	10103	1655222400
2	111	10104	1655222400
2	111	10105	1655222400
2	111	10106	1655222400
2	111	10107	1655222400
2	111	10108	1655222400
2	112	10109	1655222400
2	112	10110	1655222400
2	112	10111	1655222400
2	112	10112	1655222400
2	112	10113	1655222400
2	113	10114	1655222400
2	113	10115	1655222400
2	113	10116	1655222400
2	113	10117	1655222400
2	113	10118	1655222400
